8552571100
8552571111
8552571117
8552571122
8552571123
8552571133
8552571144
8552571155
8552571166
8552571177
8552571188
8552571199
8552571212
8552571221
8552571222
8552571234
8552571313
8552571331
8552571333
8552571345
8552571414
8552571441
8552571444
8552571456
8552571515
8552571551
8552571555
8552571567
8552571616
8552571661
8552571666
8552571678
8552571717
8552570000
8552570007
8552570011
8552570022
8552570033
8552570044
8552570055
8552570066
8552570077
8552570088
8552570099
8552570101
8552570110
8552570111
8552570123
8552570202
8552570220
8552570222
8552570234
8552570303
8552570330
8552570333
8552570345
8552570404
8552570440
8552570444
8552570456
8552570505
8552570550
8552570555
8552570567
8552570606
8552570660
8552570666
8552570678
8552570707
8552570770
8552570777
8552570789
8552570808
8552570880
8552570888
8552570909
8552570990
8552570999
8552571000
8552571001
8552571010
8552572123
8552572200
8552572211
8552572222
8552572227
8552572233
8552572234
8552572244
8552572255
8552572266
8552572277
8552572288
8552572299
8552572323
8552572332
8552572333
8552572345
8552572424
8552572442